23 cigsale(1977) cigsale(1986) cigsale(1987) cigsale(1988)
23 3.220031805241539e-05 0.0004541363359538803 0.0003971751428356052 0.0016313917361968722
9 cigsale(1986) cigsale(1987) cigsale(1988)
9 0.0003952631426078369 0.0003601154537986567 0.0011483353677890413
27 cigsale(1977) cigsale(1986) cigsale(1987) cigsale(1988)
27 1.8871490715416953e-05 0.0004399069826426927 0.00043629534490380686 0.0010540606594254798
14 cigsale(1986) cigsale(1987) cigsale(1988)
14 0.0003229640528205937 0.0003688476045066298 0.000956740279593809
25 cigsale(1986) cigsale(1987) cigsale(1988)
25 0.0004202607334967443 0.0004268848440616784 0.0010671839324497162
4 cigsale(1986) cigsale(1987) cigsale(1988)
4 0.0003196300849811584 0.00032930779514542914 0.0016052914489879876
2 cigsale(1986) cigsale(1987) cigsale(1988)
2 0.00038734543047050905 0.00037124265455011347 0.0010588787288313994
28 cigsale(1982) cigsale(1986) cigsale(1988)
28 1.024800187075679e-05 0.00024196009018830406 0.0025578912517229798
3 cigsale(1986) cigsale(1987) cigsale(1988)
3 0.00040220420600810497 0.0003571963463967961 0.000890850495876067
6 cigsale(1977) cigsale(1986) cigsale(1987) cigsale(1988)
6 1.2390431604427915e-07 0.00046409781938842903 0.0002743527155968748 0.0017239069267463766
5 cigsale(1977) cigsale(1986) cigsale(1987) cigsale(1988)
5 2.7787923373098215e-05 0.0003434544188081404 0.0003422614209224295 0.0008778496833327705
16 cigsale(1986) cigsale(1987) cigsale(1988)
16 0.0003784240793891911 0.0003674397411472507 0.0009145390885686904
32 cigsale(1982) cigsale(1983) cigsale(1986) cigsale(1987) cigsale(1988)
32 2.7245185321026544e-05 2.655913644964166e-05 0.0005845624034860476 0.00046112657110766037 0.0010158811024341598
31 cigsale(1977) cigsale(1982) cigsale(1986) cigsale(1987) cigsale(1988)
31 0.00018248850627347452 1.4800388877421827e-05 0.0004229485947024648 0.0003769731202171168 0.0010430100065317626
34 cigsale(1977) cigsale(1982) cigsale(1986) cigsale(1987) cigsale(1988)
34 0.00013728124270578521 3.721020977056891e-05 0.0004237767444671827 0.00044270188843288644 0.0012123166239067715
15 cigsale(1985) cigsale(1986) cigsale(1987) cigsale(1988)
15 1.494300101581489e-05 0.0003595505300900124 0.00041894917648444024 0.0008757901102167003
11 cigsale(1977) cigsale(1986) cigsale(1987) cigsale(1988)
11 9.333161499217062e-06 0.0003719157586207366 0.00033404170597104007 0.0009539006346480628
21 cigsale(1986) cigsale(1987) cigsale(1988)
21 0.00045315631293933257 0.00038923440996003735 0.0013524841267793333
17 cigsale(1986) cigsale(1987) cigsale(1988)
17 0.0003852429561616505 0.00033760087204227126 0.000882231757549232
26 cigsale(1977) cigsale(1982) cigsale(1983) cigsale(1986) cigsale(1987) cigsale(1988)
26 0.00011592293176551638 7.637050088258385e-06 3.2884018372150726e-06 0.00042086462533162314 0.00042901457399833744 0.00114115134113562
1 cigsale(1986) cigsale(1987) cigsale(1988)
1 0.0003869479555100085 0.00036510350377175503 0.0010168374051120169
10 cigsale(1986) cigsale(1987) cigsale(1988)
10 0.0003878740099791977 0.00035772101520275027 0.0009611957205379999
33 cigsale(1986) cigsale(1987) cigsale(1988)
33 0.00035909168155274026 0.0004524634847694947 0.0009077421449587082
7 cigsale(1986) cigsale(1987) cigsale(1988)
7 0.00036534733256354617 0.00036294902200991505 0.0009171959812324014
19 cigsale(1986) cigsale(1987) cigsale(1988)
19 0.00037962900054159084 0.00035386606609022855 0.0009644690512068232
22 cigsale(1986) cigsale(1987) cigsale(1988)
22 0.0004390091607431598 0.0003705713962368925 0.0010729243300373226
24 cigsale(1986) cigsale(1987) cigsale(1988)
24 0.00043586384804969745 0.0004063534938212729 0.0011187371006597577
36 cigsale(1985) cigsale(1986) cigsale(1987) cigsale(1988)
36 1.2467606071326915e-05 0.000441784626549294 0.0005516730720741426 0.0011395891829565716
30 cigsale(1986) cigsale(1987) cigsale(1988)
30 0.0004292474615245855 0.00043906072446289914 0.0009789791169024593
12 cigsale(1986) cigsale(1987) cigsale(1988)
12 0.00015634756678617497 0.00046524598371104576 0.0010862701532716264
18 cigsale(1986) cigsale(1987) cigsale(1988)
18 0.0004345321289109919 0.00021028873110012252 0.0018020174936725004
38 cigsale(1986) cigsale(1987) cigsale(1988)
38 0.00040178596776896587 0.0005333706872139673 0.001150960005824483
35 cigsale(1977) cigsale(1986) cigsale(1987) cigsale(1988)
35 6.88134845640188e-06 0.0004183524461092219 0.00045105353956890554 0.0010166728003982875
13 cigsale(1986) cigsale(1987) cigsale(1988)
13 0.0003543644684414958 0.0003600256236189256 0.0009416488053131033
37 cigsale(1986) cigsale(1987) cigsale(1988)
37 0.00042587151170159475 0.0004661787252079279 0.0011675865092952683
29 cigsale(1986) cigsale(1987) cigsale(1988)
29 0.000481981960140239 0.0004486368134434901 0.0011979810228173145
20 cigsale(1977) cigsale(1986) cigsale(1987) cigsale(1988)
20 2.008220371182916e-05 0.0002263114136367005 0.0004515698795582304 0.001129838472899092
8 cigsale(1986) cigsale(1987) cigsale(1988)
8 0.0004636874855871064 0.0002868862186762217 0.0010817068639995256
